<?xml version="1.0"?>
<opencv_storage>
<M1 type_id="opencv-matrix">
  <rows>3</rows>
  <cols>3</cols>
  <dt>d</dt>
  <data>
    6.5505128397301155e+02 0. 3.2957934347231759e+02 0.
    6.5255619157812293e+02 1.6134112308441561e+02 0. 0. 1.</data></M1>
<D1 type_id="opencv-matrix">
  <rows>1</rows>
  <cols>14</cols>
  <dt>d</dt>
  <data>
    4.0622871480511863e-01 -1.9866743227409964e+00
    6.7936386997068249e-03 -2.7063931394386263e-02
    4.8228140470831136e+00 -2.0738866527319591e-01
    1.8621070770101418e+00 -6.4146937934204793e+00 0. 0. 0. 0. 0. 0.</data></D1>
<M2 type_id="opencv-matrix">
  <rows>3</rows>
  <cols>3</cols>
  <dt>d</dt>
  <data>
    6.5505128397301155e+02 0. 3.2597373615078294e+02 0.
    6.5255619157812293e+02 1.5992851752146981e+02 0. 0. 1.</data></M2>
<D2 type_id="opencv-matrix">
  <rows>1</rows>
  <cols>14</cols>
  <dt>d</dt>
  <data>
    3.6239680706655863e-01 -8.3971542715645908e-01
    -4.7752331260786877e-03 -1.7856969137043415e-02
    -3.5291197359866489e-01 -7.8870073252672118e-02
    -5.9194333933089496e-02 1.4788362099654635e+00 0. 0. 0. 0. 0. 0.</data></D2>
</opencv_storage>
