<?xml version="1.0"?>
<opencv_storage>
<R1 type_id="opencv-matrix">
  <rows>3</rows>
  <cols>3</cols>
  <dt>d</dt>
  <data>
    9.9593763724125373e-01 5.0537648294657789e-02
    -7.4526296239343828e-02 -5.0802480732331207e-02
    9.9870733915861942e-01 -1.6609220786031737e-03
    7.4346019918688833e-02 5.4402955393571392e-03 9.9721766556088165e-01</data></R1>
<R2 type_id="opencv-matrix">
  <rows>3</rows>
  <cols>3</cols>
  <dt>d</dt>
  <data>
    9.9482510903820554e-01 3.8773634158845466e-02
    -9.3912766550871746e-02 -3.8439169293104106e-02
    9.9924652100954447e-01 5.3684741200733096e-03 9.4050160505863067e-02
    -1.7307641196380016e-03 9.9556595550690841e-01</data></R2>
<P1 type_id="opencv-matrix">
  <rows>3</rows>
  <cols>4</cols>
  <dt>d</dt>
  <data>
    5.7919950155226729e+02 0. 3.7601446151733398e+02 0. 0.
    5.7919950155226729e+02 1.5897993087768555e+02 0. 0. 0. 1. 0.</data></P1>
<P2 type_id="opencv-matrix">
  <rows>3</rows>
  <cols>4</cols>
  <dt>d</dt>
  <data>
    5.7919950155226729e+02 0. 3.8933635330200195e+02
    -2.8738566126968388e+04 0. 5.7919950155226729e+02
    1.5897993087768555e+02 0. 0. 0. 1. 0.</data></P2>
</opencv_storage>
